Caroline Islands  (2695,1266)
54 Sea Zone  (3425,1035)  (3453,1081)  (3416,989)  (3453,1127)  (3410,943)  (3364,906)  (3453,1173)  (3335,860)
Iwo Jima  (2895,610)
15 Sea Zone  (1203,960)
27 Sea Zone  (889,1824)  (843,1869)  (843,1823)  (934,1870)  (889,1778)  (935,1813)  (841,1777)  (888,1915)  (842,1915)  (980,1876)  (934,1916)  (887,1732)  (825,1731)  (986,1922)  (933,1691)  (871,1686)  (825,1685)
63 Sea Zone  (2966,249)  (2920,294)  (2920,248)  (2983,295)  (2966,203)  (3012,203)  (2937,340)  (2972,157)  (3018,157)  (3084,368)  (3020,111)  (3066,106)  (3112,80)  (3158,57)  (3099,34)  (3145,11)
Afghanistan  (1752,850)  (1798,837)
Baltic States  (1295,350)
Hawaiian Islands  (3075,989)
Evenki National Okrug  (2044,118)  (1998,163)  (1998,117)  (2089,164)  (2044,72)  (2090,72)  (2090,118)  (1998,38)  (2043,209)  (1997,209)  (2135,164)  (2135,210)  (2089,210)  (2044,26)  (2090,26)  (2136,26)  (2136,72)  (2136,118)  (2043,255)  (1997,255)  (2160,256)  (2114,256)
41 Sea Zone  (2922,1654)  (2922,1700)  (2922,1746)  (2922,1792)  (2922,1838)  (2922,1899)  (2922,1945)  (2968,1653)  (2968,1699)  (2968,1745)  (2968,1791)  (2968,1928)  (3014,1653)  (3014,1911)  (3043,1835)  (3060,1881)  (3060,1927)  (3076,1653)  (3080,1789)  (3089,1835)  (3106,1881)  (3106,1927)  (3117,1699)  (3122,1653)  (3126,1745)  (3135,1791)  (3152,1837)  (3152,1883)  (3152,1929)  (3163,1699)
French Equatorial Africa  (877,1274)  (831,1319)  (831,1273)  (922,1320)  (877,1228)  (923,1228)  (923,1274)  (829,1227)  (876,1365)  (830,1365)  (968,1320)  (968,1366)  (922,1366)  (969,1240)  (796,1181)  (842,1181)  (1014,1319)
French Indochina  (2123,1006)  (2077,1034)  (2077,988)  (2168,1052)  (2123,960)  (2169,960)  (2169,1006)  (2075,942)  (2122,1080)  (2214,1052)  (2214,1098)  (2168,1098)  (2215,955)
40 Sea Zone  (2868,1940)  (2647,1953)
4 Sea Zone  (1359,2)  (1313,16)  (1403,48)  (1405,0)  (1267,8)  (1451,0)  (1497,0)
18 Sea Zone  (357,1077)  (311,1117)  (311,1071)  (402,1123)  (357,1031)  (403,1031)  (403,1077)  (307,1025)  (443,1169)  (443,1282)
46 Sea Zone  (2801,1634)  (2846,1680)  (2847,1609)  (2876,1726)  (2591,1610)
55 Sea Zone  (3227,675)  (3272,721)  (3226,721)  (3196,629)  (3242,629)  (3288,767)  (3242,767)  (3196,767)  (3196,583)  (3242,583)  (3288,813)  (3242,813)  (3196,813)  (3196,537)  (3242,537)  (3289,859)  (3243,859)  (3197,859)  (3196,491)  (3242,491)
Panama  (-21,849)
61 Sea Zone  (2589,634)  (2543,644)  (2629,680)  (2570,588)  (2621,588)  (2635,634)  (2583,690)  (2667,557)  (2681,603)  (2550,743)  (2504,783)
26 Sea Zone  (523,1879)  (477,1924)  (477,1878)  (568,1925)  (523,1833)  (569,1833)  (569,1879)  (475,1832)  (431,1953)  (431,1907)  (614,1925)  (615,1810)  (615,1856)  (429,1861)  (429,1815)  (385,1953)  (385,1907)  (660,1902)  (660,1948)  (661,1810)  (661,1856)  (383,1861)  (383,1815)  (339,1953)  (339,1907)  (706,1902)  (706,1948)  (707,1810)  (707,1856)  (337,1861)  (337,1815)  (752,1902)  (752,1948)  (753,1810)  (753,1856)
7 Sea Zone  (657,439)  (611,484)  (611,438)  (703,416)  (703,462)  (749,421)  (613,579)  (622,625)  (629,671)
38 Sea Zone  (2234,1711)  (2188,1756)  (2188,1710)  (2279,1757)  (2234,1665)  (2280,1665)  (2280,1711)  (2186,1664)  (2233,1802)  (2187,1802)  (2142,1756)  (2142,1710)  (2325,1757)  (2325,1803)  (2279,1803)  (2141,1803)  (2232,1619)  (2278,1619)  (2324,1619)  (2326,1665)  (2326,1711)  (2140,1664)  (2140,1618)  (2186,1618)  (2370,1609)  (2233,1848)  (2187,1848)  (2096,1757)  (2096,1711)  (2371,1757)  (2371,1803)  (2371,1849)  (2325,1849)  (2279,1849)  (2141,1849)  (2095,1849)  (2095,1803)  (2372,1655)  (2372,1701)  (2094,1665)  (2094,1619)  (2416,1609)  (2417,1853)  (2418,1655)  (2418,1701)  (2462,1609)  (2464,1655)  (2508,1609)
East Poland  (1311,454)  (1357,435)  (1328,500)
Turkey  (1380,894)  (1334,923)  (1426,887)  (1288,935)  (1472,889)
West Indies  (169,922)
29 Sea Zone  (1511,1919)  (1465,1953)  (1465,1907)  (1557,1905)  (1557,1951)  (1419,1953)  (1419,1907)  (1603,1905)  (1603,1951)  (1373,1953)  (1373,1907)  (1649,1905)  (1649,1951)  (1695,1905)  (1695,1951)
Belgian Congo  (996,1490)  (1030,1536)  (984,1536)  (1025,1444)  (1042,1490)  (1071,1415)  (1028,1582)  (982,1582)  (1088,1461)  (1117,1395)  (1031,1628)
Mexico  (3414,802)  (3454,848)
Mozambique  (1172,1740)
French Madagascar  (1304,1787)  (1326,1833)
28 Sea Zone  (1181,1905)  (1135,1950)  (1226,1951)  (1179,1859)  (1225,1859)  (1227,1905)  (1272,1951)
23 Sea Zone  (773,1450)  (727,1490)  (819,1420)  (819,1466)  (834,1512)  (681,1490)  (865,1444)  (880,1490)  (880,1536)  (834,1558)  (904,1582)  (635,1490)  (858,1604)  (931,1628)  (589,1490)
Wake Island  (2841,1072)
Algeria  (717,986)  (763,986)  (809,965)
Saudi Arabia  (1416,1116)  (1370,1161)  (1370,1115)  (1461,1162)  (1458,1070)  (1462,1116)  (1504,1038)  (1395,1207)  (1508,1084)  (1508,1130)  (1554,1072)
30 Sea Zone  (1899,1918)  (1853,1953)  (1853,1907)  (1945,1905)  (1945,1951)  (1807,1953)  (1807,1907)  (1991,1905)  (1991,1951)  (2037,1905)  (2037,1951)
11 Sea Zone  (343,827)  (388,873)  (342,873)  (307,781)  (353,781)  (389,827)  (399,771)  (409,919)  (363,919)  (317,919)  (307,735)  (353,735)  (399,725)  (409,965)  (363,965)  (317,965)
Karelia S.S.R.  (1278,240)  (1232,250)  (1232,204)  (1313,194)  (1324,240)  (1354,286)  (1186,244)  (1203,144)  (1393,332)  (1165,83)  (1211,58)
2 Sea Zone  (286,1)  (286,47)  (319,93)  (360,139)  (400,185)  (441,231)  (446,185)  (487,129)  (487,231)  (492,175)  (495,73)  (532,26)  (541,72)  (572,274)  (578,0)  (587,46)  (613,221)  (659,203)
Switzerland  (866,664)
16 Sea Zone  (1334,768)  (1379,814)  (1333,814)  (1346,722)  (1380,768)  (1425,814)  (1426,767)
Soviet Far East  (2612,64)  (2566,109)  (2566,63)  (2657,110)  (2612,18)  (2658,18)  (2658,64)  (2564,17)  (2611,155)  (2565,155)  (2520,109)  (2520,63)  (2703,110)  (2703,156)  (2657,156)  (2704,0)  (2704,46)  (2518,17)  (2474,134)  (2474,88)  (2749,92)  (2749,138)  (2749,184)  (2703,202)  (2657,202)  (2750,0)  (2750,46)  (2472,42)  (2795,92)  (2795,138)  (2796,0)  (2796,46)  (2841,92)  (2842,0)  (2842,46)  (2888,42)
51 Sea Zone  (2780,931)  (2780,977)  (2780,1023)  (2780,1069)  (2780,1115)  (2826,930)  (2826,976)  (2826,1022)  (2826,1121)  (2835,1186)  (2872,930)  (2872,976)  (2872,1022)  (2872,1119)  (2881,1165)  (2881,1211)  (2885,1068)  (2918,930)  (2918,976)  (2918,1022)  (2918,1114)  (2927,1160)  (2927,1206)  (2931,1068)
Western United States  (3320,586)  (3365,632)  (3319,632)  (3306,540)  (3352,540)  (3366,586)  (3367,678)
Bulgaria Romania  (1171,758)  (1216,804)  (1142,712)
58 Sea Zone  (2616,931)  (2616,977)  (2616,1023)  (2616,1116)  (2662,930)  (2662,976)  (2662,1022)  (2662,1120)  (2685,1068)  (2708,930)  (2708,976)  (2708,1022)  (2708,1114)  (2731,1068)
43 Sea Zone  (3386,1427)  (3431,1473)  (3385,1473)  (3341,1381)  (3387,1381)  (3432,1427)  (3433,1380)  (3453,1519)  (3407,1519)  (3361,1519)  (3341,1335)  (3387,1335)  (3433,1334)  (3453,1565)  (3407,1565)  (3361,1565)  (3341,1289)  (3387,1289)  (3433,1288)  (3453,1611)  (3407,1611)  (3361,1611)  (3341,1243)  (3387,1243)  (3433,1242)  (3453,1657)  (3407,1657)  (3361,1657)
39 Sea Zone  (2272,1923)  (2226,1953)  (2226,1907)  (2318,1905)  (2318,1951)  (2180,1953)  (2180,1907)  (2364,1905)  (2364,1951)  (2134,1953)  (2134,1907)  (2410,1905)  (2410,1951)  (2584,1953)
Eastern Ukraine  (1419,515)  (1472,521)
19 Sea Zone  (33,951)  (69,903)  (79,955)  (125,955)  (171,975)  (203,902)  (214,1021)  (249,902)  (260,980)  (260,1026)
Mongolia  (2157,506)  (2111,545)  (2111,499)  (2202,552)  (2203,487)  (2248,533)  (2263,487)  (2309,504)
Eire  (560,179)
Central United States  (3426,588)  (3453,634)  (3429,542)  (3453,680)
Sinkiang  (1981,658)  (1935,703)  (1935,657)  (2026,704)  (1981,612)  (2027,612)  (2027,658)  (1980,749)  (1934,749)  (1889,703)  (2072,704)  (2072,750)  (2026,750)  (1888,750)  (2005,566)  (2073,598)  (2073,644)
Northern Bulgaria Romania  (1231,654)  (1263,700)
Archangel  (1496,158)  (1450,203)  (1450,157)  (1541,204)  (1496,112)  (1542,112)  (1542,158)  (1448,111)  (1495,249)  (1449,249)  (1587,204)  (1586,250)  (1544,66)  (1588,112)  (1588,158)  (1402,121)  (1536,295)  (1490,295)  (1634,66)  (1634,112)  (1634,158)  (1653,1)
20 Sea Zone  (-19,1011)
Argentina  (134,1447)  (161,1493)  (115,1493)  (130,1401)  (176,1401)  (180,1447)  (128,1539)  (226,1424)  (119,1585)
Poland  (1201,476)  (1246,522)  (1247,462)
Union of South Africa  (1061,1827)  (1105,1873)  (1059,1873)  (1078,1781)  (1107,1827)  (1124,1759)
Alaska  (3102,209)  (3147,255)  (3101,255)  (3055,255)  (3104,163)  (3148,209)  (3150,161)  (3165,301)
Western Canada  (3331,206)  (3285,251)  (3285,205)  (3376,252)  (3331,160)  (3377,160)  (3377,206)  (3283,159)  (3330,297)  (3284,297)  (3239,251)  (3239,205)  (3422,252)  (3422,298)  (3376,298)  (3238,298)  (3329,114)  (3375,114)  (3421,114)  (3423,160)  (3423,206)  (3237,159)  (3237,113)  (3283,113)  (3330,343)  (3284,343)  (3453,344)  (3407,344)  (3329,68)  (3375,68)  (3421,68)  (3236,67)  (3282,67)  (3361,389)  (3315,389)  (3453,390)  (3407,390)  (3328,22)  (3374,22)  (3420,22)  (3237,21)  (3361,435)  (3315,435)  (3453,436)  (3407,436)
Russia  (1746,218)  (1700,263)  (1700,217)  (1791,264)  (1746,172)  (1792,172)  (1792,218)  (1745,309)  (1699,309)  (1654,263)  (1837,264)  (1828,310)  (1653,310)  (1715,126)  (1761,126)  (1807,126)  (1838,172)  (1838,218)  (1853,111)  (1778,355)  (1732,355)  (1883,264)  (1686,356)  (1640,356)  (1729,80)  (1775,80)  (1884,157)  (1884,203)  (1594,369)  (1821,65)  (1867,65)  (1899,111)  (1913,51)  (1778,401)  (1732,401)  (1686,402)  (1640,402)  (1727,34)  (1773,34)  (1930,157)  (1594,415)  (1548,405)  (1548,359)  (1819,19)  (1865,19)  (1911,5)  (1780,447)  (1734,447)  (1688,448)  (1642,448)  (1596,461)  (1794,493)  (1748,493)  (1702,494)  (1765,539)
34 Sea Zone  (1451,1292)  (1405,1313)  (1496,1338)  (1445,1246)  (1491,1246)  (1497,1292)  (1450,1359)  (1537,1206)  (1404,1380)  (1359,1312)  (1542,1338)  (1542,1384)  (1496,1384)  (1543,1252)  (1450,1405)  (1583,1167)  (1404,1426)  (1588,1298)  (1572,1430)  (1526,1430)  (1312,1278)  (1589,1213)  (1358,1439)  (1303,1232)  (1480,1451)  (1288,1186)  (1278,1140)  (1627,1120)  (1629,1166)  (1434,1472)  (1572,1476)  (1526,1476)  (1630,1012)
Eastern Canada  (154,406)  (108,451)  (108,405)  (199,452)  (184,360)  (200,406)  (99,359)  (230,330)  (245,452)  (246,376)  (53,403)  (53,357)  (217,284)  (263,284)  (276,330)  (292,376)  (8,311)  (7,411)  (7,365)  (309,275)  (215,238)  (261,238)  (322,321)  (338,367)  (0,176)  (0,130)  (46,110)  (0,84)  (92,78)  (46,64)  (138,62)  (0,38)  (46,18)
Germany  (977,544)  (931,589)  (931,543)  (1022,590)  (977,498)  (1023,498)  (1023,544)  (929,497)  (976,635)  (885,605)  (885,559)  (1068,590)  (1068,636)  (1022,636)  (1069,465)  (1069,511)  (976,681)  (1114,557)  (1115,465)  (1115,511)
Norway  (938,181)  (892,226)  (997,133)
Japan  (2697,669)
New Zealand  (3011,1784)
Angola  (1002,1713)  (995,1759)  (1048,1702)
64 Sea Zone  (3157,381)  (3203,417)
Yakut S.S.R.  (2270,122)  (2224,167)  (2224,121)  (2315,168)  (2270,76)  (2316,76)  (2316,122)  (2222,75)  (2269,213)  (2223,213)  (2361,168)  (2340,214)  (2268,30)  (2314,30)  (2360,30)  (2362,76)  (2362,122)  (2209,29)  (2406,0)  (2289,259)  (2243,259)  (2408,147)  (2267,305)  (2221,305)  (2229,351)  (2266,397)  (2220,397)
Venezuela  (49,1076)  (95,1078)  (49,1122)  (141,1051)
Ukraine  (1330,578)  (1344,624)  (1376,566)
Trans Jordan  (1354,1001)  (1389,1047)  (1343,1047)  (1400,983)  (1446,979)
37 Sea Zone  (2233,1441)  (2187,1486)  (2187,1440)  (2278,1487)  (2233,1395)  (2185,1394)  (2232,1532)  (2186,1532)  (2141,1486)  (2141,1440)  (2324,1479)  (2324,1525)  (2278,1533)  (2140,1533)  (2139,1394)  (2139,1348)  (2185,1348)  (2095,1487)  (2095,1441)  (2370,1499)  (2370,1545)  (2094,1563)  (2093,1395)  (2093,1349)  (2093,1303)  (2416,1519)  (2462,1539)
56 Sea Zone  (3000,430)  (3000,476)  (3000,522)  (3000,568)  (3000,614)  (3000,660)  (3000,706)  (3000,752)  (3000,798)  (3000,844)  (3046,429)  (3046,475)  (3046,521)  (3046,632)  (3046,678)  (3046,724)  (3046,770)  (3046,816)  (3046,862)  (3092,465)  (3092,511)  (3092,557)  (3092,619)  (3092,665)  (3092,711)  (3092,757)  (3092,803)  (3092,849)  (3138,465)  (3138,511)  (3138,557)  (3138,603)  (3138,649)  (3138,695)  (3138,741)  (3138,787)  (3138,833)  (3138,879)
24 Sea Zone  (537,1629)  (491,1674)  (491,1628)  (582,1675)  (537,1583)  (583,1583)  (583,1629)  (489,1582)  (536,1720)  (490,1720)  (445,1674)  (445,1628)  (628,1675)  (628,1721)  (582,1721)  (444,1721)  (535,1537)  (581,1537)  (627,1537)  (629,1583)  (629,1629)  (443,1582)  (443,1536)  (489,1536)  (673,1536)  (399,1675)  (399,1629)  (674,1675)  (674,1721)  (398,1764)  (675,1582)  (675,1628)  (397,1583)  (397,1537)  (719,1536)  (353,1718)  (353,1672)  (720,1674)  (720,1720)  (352,1764)  (721,1582)  (721,1628)  (351,1626)  (351,1580)  (765,1536)  (766,1674)  (766,1720)  (767,1582)  (767,1628)
Novosibirsk  (1915,422)  (1869,467)  (1869,421)  (1960,468)  (1915,376)  (1961,376)  (1961,422)  (1867,375)  (1914,513)  (1868,513)  (2006,468)  (1969,514)  (2007,335)  (2007,381)  (1917,559)  (1871,559)  (2053,334)  (2053,380)  (2053,426)  (1825,574)  (1885,605)  (2099,344)  (2099,390)  (2145,340)  (2145,386)
Czechoslovakia Hungary  (1184,574)
9 Sea Zone  (363,572)  (317,617)  (408,618)  (389,526)  (409,572)  (435,500)  (362,663)  (316,663)  (435,664)
Southern Europe  (981,762)  (935,790)  (931,744)  (1027,757)  (1073,730)  (1073,776)  (1104,822)
India  (1792,993)  (1746,957)  (1837,1039)  (1791,1039)  (1811,947)  (1838,993)  (1857,942)  (1883,1039)  (1846,1085)  (1800,1085)  (1884,988)  (1846,1131)  (1800,1131)  (1930,973)  (1833,1177)
Greenland  (396,15)  (441,61)  (442,0)
45 Sea Zone  (2835,1274)  (2835,1320)  (2835,1366)  (2835,1412)  (2835,1458)  (2835,1504)  (2835,1550)  (2881,1273)  (2881,1319)  (2881,1365)  (2881,1500)  (2881,1546)  (2893,1411)  (2923,1592)  (2927,1273)  (2927,1319)  (2927,1365)  (2927,1507)  (2939,1411)  (2969,1575)  (2973,1273)  (2973,1319)  (2973,1365)  (2985,1411)  (2986,1457)  (3013,1503)  (3015,1569)  (3019,1273)  (3019,1319)  (3019,1365)  (3031,1411)  (3032,1457)
52 Sea Zone  (2979,931)  (2979,977)  (2979,1023)  (2979,1069)  (2979,1115)  (2979,1161)  (2979,1207)  (3025,930)  (3025,999)  (3025,1045)  (3025,1091)  (3025,1137)  (3025,1183)  (3071,930)  (3071,1011)  (3071,1057)  (3071,1103)  (3071,1149)  (3071,1195)  (3117,930)  (3117,1070)  (3117,1116)  (3117,1162)  (3117,1208)  (3152,976)  (3163,930)  (3163,1065)  (3163,1111)  (3163,1157)  (3163,1203)
Italian East Africa  (1253,1370)  (1207,1415)  (1290,1416)  (1260,1324)  (1299,1370)
48 Sea Zone  (2473,1332)  (2427,1370)  (2487,1378)  (2441,1416)  (2395,1416)  (2381,1370)  (2487,1424)  (2349,1424)  (2441,1462)  (2335,1378)  (2335,1332)  (2487,1470)
Buryatia S.S.R.  (2450,272)  (2404,317)  (2404,271)  (2495,318)  (2450,226)  (2496,226)  (2496,272)  (2396,363)  (2541,318)  (2541,364)  (2495,364)  (2542,240)  (2350,371)  (2587,366)  (2593,412)  (2364,417)  (2318,417)  (2619,458)
62 Sea Zone  (2945,87)  (2963,36)  (3009,0)  (2868,190)  (2762,273)  (2716,282)  (2790,319)  (2744,328)  (2698,328)  (2670,282)  (2868,341)  (2624,306)
33 Sea Zone  (1284,1602)  (1238,1647)  (1329,1648)  (1252,1556)  (1298,1556)  (1330,1602)  (1344,1542)  (1283,1693)  (1237,1693)  (1375,1648)  (1376,1588)  (1390,1526)  (1250,1739)  (1421,1634)  (1422,1572)  (1436,1526)  (1250,1785)
57 Sea Zone  (2848,430)  (2848,476)  (2848,522)  (2848,568)  (2848,614)  (2848,660)  (2848,746)  (2848,792)  (2848,838)  (2849,884)  (2894,429)  (2894,475)  (2894,744)  (2894,790)  (2894,836)  (2895,882)  (2918,521)  (2919,567)  (2940,429)  (2940,475)  (2940,715)  (2940,761)  (2940,807)  (2941,853)  (2948,613)
Rio De Oro  (552,1256)
49 Sea Zone  (2333,1072)  (2333,1118)  (2333,1164)  (2333,1210)  (2333,1256)  (2379,1044)  (2379,1090)  (2379,1136)  (2379,1182)  (2379,1283)  (2425,1016)  (2425,1062)  (2425,1108)  (2471,989)  (2471,1035)  (2471,1081)  (2477,1286)  (2484,1127)  (2517,961)  (2517,1007)  (2517,1053)  (2522,1173)  (2523,1276)  (2528,1219)  (2530,1099)  (2563,933)  (2563,979)  (2563,1025)  (2568,1145)  (2569,1265)
59 Sea Zone  (2431,902)  (2449,856)  (2416,948)  (2477,902)
6 Sea Zone  (803,216)  (821,262)  (781,170)  (827,170)  (873,133)  (771,124)  (817,124)  (859,315)  (854,361)
Kwantung  (2348,812)  (2381,858)  (2335,858)  (2360,766)  (2289,893)  (2359,904)  (2360,720)  (2308,701)  (2313,939)  (2354,674)
Borneo  (2367,1372)
Libya  (927,1017)  (881,1029)  (973,1036)
French West Africa  (661,1237)  (615,1261)  (615,1215)  (706,1283)  (661,1191)  (707,1191)  (707,1237)  (592,1169)  (660,1307)  (614,1318)  (752,1283)  (638,1145)  (546,1169)  (546,1123)  (592,1123)  (697,1353)  (651,1364)  (565,1077)
Sicily  (966,949)
60 Sea Zone  (2741,752)  (2695,794)  (2762,706)  (2785,798)  (2787,752)  (2739,840)  (2693,840)  (2647,842)  (2758,660)  (2802,844)  (2601,883)  (2762,614)  (2762,568)  (2767,522)  (2789,476)  (2737,431)  (2793,430)  (2678,414)
Belorussia  (1432,416)  (1477,462)  (1523,455)
East Indies  (2145,1445)  (2133,1399)
10 Sea Zone  (168,739)  (213,785)  (167,785)  (190,693)  (214,739)  (236,671)  (259,785)  (259,831)  (213,831)  (167,831)  (260,717)  (69,838)  (254,625)  (23,804)  (23,889)
Brazil  (253,1223)  (207,1263)  (207,1217)  (298,1269)  (253,1177)  (299,1186)  (200,1171)  (252,1309)  (161,1229)  (344,1232)  (344,1278)  (298,1315)  (154,1183)  (351,1324)  (252,1355)  (390,1228)  (108,1217)
31 Sea Zone  (1881,1577)  (1835,1622)  (1835,1576)  (1926,1623)  (1881,1531)  (1927,1531)  (1927,1577)  (1833,1530)  (1880,1668)  (1834,1668)  (1972,1623)  (1972,1669)  (1926,1669)  (1879,1485)  (1925,1485)  (1971,1485)  (1973,1531)  (1973,1577)  (1795,1484)  (2017,1441)  (1880,1714)  (1834,1714)  (2018,1623)  (2018,1669)  (2018,1715)  (1972,1715)  (1926,1715)  (1841,1439)  (1887,1439)  (1933,1439)  (2019,1487)  (2019,1533)  (1795,1438)  (1979,1395)  (2025,1395)  (1880,1760)  (1834,1760)  (2028,1761)  (1982,1761)  (1936,1761)  (1841,1393)  (1887,1393)  (1933,1393)  (1795,1392)  (1890,1806)  (1844,1806)  (1798,1806)  (2028,1807)  (1982,1807)  (1936,1807)  (1890,1852)  (1844,1852)  (1798,1852)  (2028,1853)  (1982,1853)  (1936,1853)
42 Sea Zone  (3326,1798)  (3280,1843)  (3280,1797)  (3371,1844)  (3326,1752)  (3372,1752)  (3372,1798)  (3278,1751)  (3325,1889)  (3279,1889)  (3234,1843)  (3234,1797)  (3417,1844)  (3417,1890)  (3371,1890)  (3233,1890)  (3324,1706)  (3370,1706)  (3416,1706)  (3418,1752)  (3418,1798)  (3232,1751)  (3232,1705)  (3278,1705)  (3325,1935)  (3279,1935)  (3453,1936)  (3407,1936)  (3233,1936)
Okinawa  (2640,1064)
13 Sea Zone  (709,881)  (663,926)  (754,927)  (731,835)  (755,881)  (801,892)  (847,892)
Sahara  (825,1077)  (779,1110)  (779,1064)  (870,1123)  (733,1112)  (733,1066)  (916,1102)  (916,1148)  (687,1081)  (962,1111)  (962,1157)  (1008,1121)  (1008,1167)  (1054,1118)  (1054,1164)
25 Sea Zone  (115,1770)  (69,1815)  (69,1769)  (160,1816)  (161,1739)  (67,1723)  (185,1693)  (114,1861)  (68,1861)  (23,1815)  (23,1769)  (206,1785)  (206,1831)  (160,1862)  (22,1862)  (207,1739)  (21,1723)  (21,1677)  (221,1877)  (231,1654)  (158,1647)  (114,1907)  (68,1907)  (252,1785)  (252,1831)  (175,1908)  (22,1908)  (253,1700)  (267,1877)  (267,1923)  (221,1923)  (204,1608)  (250,1608)  (277,1654)  (129,1953)  (83,1953)  (202,1562)  (248,1562)  (259,1516)
Persia  (1584,908)  (1553,954)  (1630,899)  (1676,900)
3 Sea Zone  (869,16)  (823,61)  (823,15)  (914,62)  (915,0)  (777,10)  (960,46)  (961,0)  (1007,0)  (1053,0)
Eastern United States  (59,629)  (13,674)  (13,628)  (101,675)  (83,583)  (105,629)  (9,582)  (129,583)  (55,720)  (175,573)  (221,549)
Sweden  (996,277)  (992,323)
Himalaya  (1951,851)  (1905,896)  (1905,850)  (1996,897)  (1997,810)  (2042,856)
53 Sea Zone  (3275,1043)  (3320,1089)  (3274,1089)  (3231,997)  (3277,997)  (3321,1043)  (3323,995)  (3366,1089)  (3366,1135)  (3320,1135)  (3274,1135)  (3231,951)  (3277,951)  (3367,1041)  (3369,993)  (3370,1181)  (3324,1181)  (3278,1181)  (3232,1181)
Spain  (571,786)  (525,831)  (616,832)  (617,759)  (662,805)
Kazakh S.S.R.  (1710,677)  (1664,649)  (1755,723)  (1709,723)  (1710,631)  (1756,631)  (1756,677)  (1618,649)  (1801,723)  (1801,769)  (1755,769)  (1709,769)  (1675,585)  (1802,653)
47 Sea Zone  (2533,1403)  (2533,1522)  (2579,1402)  (2615,1563)  (2625,1402)  (2632,1448)  (2671,1402)  (2678,1448)  (2717,1402)  (2724,1448)  (2763,1402)  (2765,1494)  (2770,1448)
Philipine Islands  (2446,1200)
17 Sea Zone  (489,1200)  (493,1246)  (504,1292)  (489,1089)  (524,1338)  (489,1043)  (568,1384)
12 Sea Zone  (480,902)  (526,923)  (455,856)  (480,948)  (548,969)  (455,810)  (455,764)  (456,718)
Solomon Islands  (2933,1472)
5 Sea Zone  (1083,326)  (1037,371)  (1128,372)  (1070,280)  (1116,280)  (1129,326)  (991,401)  (1174,372)  (1047,234)  (1175,295)  (1221,316)  (938,384)
New Guinea  (2663,1514)
44 Sea Zone  (3183,1418)  (3137,1463)  (3137,1417)  (3228,1464)  (3183,1372)  (3229,1372)  (3229,1418)  (3135,1371)  (3182,1509)  (3136,1509)  (3274,1464)  (3274,1510)  (3228,1510)  (3181,1326)  (3227,1326)  (3273,1326)  (3275,1372)  (3275,1418)  (3095,1325)  (3182,1555)  (3136,1555)  (3295,1556)  (3249,1556)  (3141,1280)  (3187,1280)  (3233,1280)  (3279,1280)  (3095,1279)  (3203,1601)  (3157,1601)  (3111,1601)  (3295,1602)  (3249,1602)  (3232,1234)  (3278,1234)  (3295,1648)  (3249,1648)
Kenya  (1125,1564)  (1079,1580)  (1166,1610)  (1130,1518)  (1171,1564)  (1176,1513)  (1120,1626)  (1166,1656)  (1120,1672)
32 Sea Zone  (1597,1655)  (1551,1700)  (1551,1654)  (1642,1701)  (1597,1609)  (1643,1609)  (1643,1655)  (1549,1608)  (1596,1746)  (1550,1746)  (1505,1700)  (1505,1654)  (1688,1701)  (1688,1747)  (1642,1747)  (1504,1747)  (1595,1563)  (1641,1563)  (1687,1563)  (1689,1609)  (1689,1655)  (1503,1608)  (1503,1562)  (1549,1562)  (1733,1519)  (1596,1792)  (1550,1792)  (1459,1701)  (1734,1701)  (1734,1747)  (1734,1793)  (1688,1793)  (1642,1793)  (1504,1793)  (1458,1793)  (1458,1747)  (1619,1517)  (1665,1517)  (1735,1565)  (1735,1611)  (1711,1473)  (1596,1838)  (1550,1838)  (1749,1839)  (1703,1839)  (1657,1839)  (1504,1839)  (1458,1839)  (1412,1839)  (1412,1793)  (1412,1747)  (1618,1471)  (1664,1471)  (1710,1427)  (1618,1425)  (1664,1425)  (1710,1381)  (1618,1379)  (1664,1379)
8 Sea Zone  (511,491)  (556,537)  (510,537)  (481,445)  (527,445)  (557,491)  (564,583)  (518,583)  (481,399)  (527,399)  (564,629)  (518,629)  (481,353)  (527,353)  (573,349)
Midway  (3045,580)
Australia  (2629,1776)  (2583,1821)  (2583,1775)  (2674,1822)  (2629,1730)  (2675,1730)  (2675,1776)  (2581,1729)  (2628,1867)  (2582,1867)  (2537,1821)  (2537,1775)  (2720,1822)  (2720,1868)  (2674,1868)  (2536,1868)  (2627,1684)  (2721,1716)  (2721,1762)  (2491,1822)  (2491,1776)  (2766,1808)  (2766,1854)  (2766,1900)  (2720,1914)  (2499,1914)  (2490,1868)  (2767,1712)  (2767,1758)  (2812,1804)  (2812,1850)  (2812,1896)
Peru  (72,1275)  (26,1262)  (117,1321)  (163,1312)
1 Sea Zone  (196,108)  (150,153)  (209,62)  (242,108)  (276,154)  (153,199)  (107,199)  (215,16)  (61,242)  (61,196)  (159,245)  (113,245)  (399,281)  (434,327)  (435,373)
Caucasus  (1481,676)  (1435,692)  (1435,646)  (1526,722)  (1481,630)  (1527,630)  (1527,676)  (1543,768)  (1497,768)  (1524,584)  (1570,584)  (1616,541)  (1573,814)  (1527,814)  (1564,538)
Gibraltar  (608,894)
China  (2186,731)  (2140,776)  (2231,777)  (2156,685)  (2202,685)  (2232,731)  (2248,669)  (2185,822)  (2277,777)  (2249,823)  (2169,639)  (2215,623)  (2261,623)  (2203,868)
Western Europe  (725,608)  (770,654)  (724,654)  (687,562)  (733,562)  (771,608)  (779,554)  (801,700)  (755,700)  (709,700)  (817,600)  (780,508)  (778,746)
Finland  (1104,114)  (1127,160)  (1104,68)
United Kingdom  (713,291)  (667,315)  (758,337)  (717,245)  (728,199)  (689,143)  (686,97)
14 Sea Zone  (1085,947)  (995,975)  (978,929)  (932,947)  (932,901)  (895,846)  (849,846)
Manchuria  (2436,507)  (2390,552)  (2481,553)  (2411,461)  (2457,461)  (2482,507)  (2503,444)  (2435,598)  (2389,598)  (2439,415)  (2528,490)  (2574,509)  (2478,664)  (2489,710)
21 Sea Zone  (9,1450)  (49,1496)  (3,1496)  (0,1404)  (46,1404)  (42,1542)  (0,1358)  (44,1588)
36 Sea Zone  (2218,1205)  (2263,1251)  (2217,1251)  (2264,1170)  (2275,1297)  (2229,1297)  (2061,1241)  (2059,1135)  (2054,1195)  (2040,1089)  (2015,1241)  (2013,1149)  (2008,1195)
22 Sea Zone  (396,1425)  (350,1470)  (350,1424)  (441,1471)  (396,1379)  (442,1379)  (442,1425)  (487,1471)  (488,1409)
50 Sea Zone  (2533,1333)  (2579,1332)  (2616,1187)  (2616,1233)  (2616,1279)  (2625,1325)  (2662,1186)  (2671,1324)  (2708,1186)  (2717,1321)  (2725,1232)  (2754,1186)  (2763,1322)  (2775,1232)
Anglo Egypt  (1139,1200)  (1093,1245)  (1184,1246)  (1149,1154)  (1185,1200)  (1195,1144)  (1138,1291)  (1092,1291)  (1191,1292)  (1164,1098)  (1118,1079)  (1065,1065)  (1167,1338)
35 Sea Zone  (1826,1274)  (1780,1308)  (1780,1262)  (1872,1239)  (1872,1285)  (1768,1216)  (1895,1193)  (1734,1315)  (1734,1269)  (1918,1239)  (1918,1285)  (1722,1223)  (1722,1177)  (1941,1148)  (1688,1315)  (1688,1269)  (1683,1131)  (1964,1287)  (1912,1102)  (1958,1102)  (1677,1085)  (2010,1287)  (1951,1056)  (1677,1039)